446 466644 6666444666.

4606667664 676, 9801. 16666] 614 6666446166 16494 6451.

4461 omittitur 54, 161, 408, 471, 581, 1661466469 4091.
664, 664, 644, 664, 669, 669, 646, 466666 6644
969, 996, 4644, 4699, 4644, 4499, 46... 6669.
ιωωωωωωωωω
8015,8087,8881,8764,8108, 8848, 4466646164466 8895. ,
8888, 8847, 8618,8868,5060, 5808, 666664648664 788, 985, 8058, 8711, ,
6646646666666644. 6666, 4944, 6466, 6649, 6664.

4464614 1507. 446666446681964 880, 989.
181616111131646, 446, 4646, 71101117 Q? ⁵⁵¹⁷' .

· 6500. Μογ16464466644614464 8557.
6646646646 8759. 11010491οι9106 3⁸²4, 4195, 4³94·
6611446αώ1666 6097. 66646444668714, 4070. .
9666966664796. 996444449491948035·9969964
44646446611441144666 1996. ⁵237·

6606666666206 1857, 4868. 6666616666 5776.

· ἡ 446166 8664, 8778, 8881,8415, 5199, 44666666 9096.

6456, 5468, 5465, 5505, 5681, 5785, μυσαρχηγέτης 8468, 6888, 6616
5796, 6048. 618466 446166 9808. μνσάρχης 6875. ,

mma] Δομετιανὸςῆ 11861668466- 111190ξᾶ6· 1031·
81643,401,850,812,1654,1305, Μνσων 1616 8095, 8898, 58146180. 4

6446, 9966, 6696, 6664646666, 4949441664 4579.
6888, 6481. 61. 461646 et χάρις, 16644464 5074.

6644444· 444499 6616666166...

Ῥωμαίοις νέμειν 4588. 4464414416

4466644666616644 8083.

‘ τ 1646689641τὸνέ1061466666
{26:66666666, 1116666666

ᾗεῖἷξζῗέἔὲἐέἓὲὁ, 5445, 3737, προσκεκλημένφ τόπῳ 9595.
6664641666 9180. 466666666164 5868. υ
44466... 4464444488
4606616466 444, 444, 966, 4696. 66.. 666666,4694,6646,964666,
4664644605,66649646646646, 6946, 6006, 69666667, 66666666,
ww· sswwm

. 696666662196 85, 64, 119, 188, 144, ξένιος 8788, 5674.

446, 916, 666, 466, 466, 469, 449, 64666666. 969, 4466, 4449, 9141.
666, 666, 669, 666, 646, 646. 9649, 9646.
666 66 6 6 6 666666 ψ
666ζ 649ζ 901’. ’ ' ’ 66664666. 6694.
4664666416 7871. optativus pro indicativo 46⁰, 666,
1166486686664 8860. 1414, 1864, 8487, 8554, 86764859
44666664 1579. 5048, 7888, 7875.
1614464644 764, 9780. 8686666966 745.
1664461461 9507. 6686666464 868.
damnique 8157, 9541. 6686466464 585, 641, 840, 978, 14114
1666644464 7905. 1764, 8687, 8718.
16461666 7488, 7455. 6664 178, 858, 3878, 4656, 7959·
111464· 8916. 44614486666644 4448.
168644676466616. 11864 4461 4461666- 6646064666666 7914, 9568.
66487406 61. 6666466694, wado· 4466661666 1688, 1858, 8871, 3766,
66664. 4798, 4819, 5848, 6599, 81604
1444646666 1. q. 26616669'606666? 6559. 10801.

 

