INDEX HISTORIGUS.

425

Bonifatius, 1111111111 11111111 1111111 0111112872.

6411, 6942.
8111111111 10191.
111111117826, 8051.
Bostra 187.
8111115701 6089, 6125.
Β1111111111 4189, 4195.
8111111111 8774.
63818886811111 8679.

Bul 111111111111111111151,
mmmmmm
mmmem

Bulgoroplygiom 9090.

Byzantium 111, 111, 1111111, 1111,
&mmmmm

0.

0111111111 9884.

Cadmeo, 111111115189.

0111111(Και1ιίαι1 8411.

011111 (Καῖσαρ) 8417.

011111 01111111 2, 19.

01111111 pagus 7755.

Caledonius 6985.

011111111118885, 8488, 8756, 9225.

0111111111 6111111468.

Colliopolis 7981, 8178, 8196.

camalam 81111111 v. 81111111.

0111111111 5221. ·

(1111ἳῖ611 5845, 6477, 6584, 6668

campanos 8581.

0111119158.

1111111

0111111111 Antonius 156.

01111111 242.

Carolus M. 1941. 1111111111 1962,
19641971.

01111288.

1111111911.

0111118528.

0111111111 8866, 8890.

01111111 9597.

clutorio 8500, 8508 , 8691, 8729,
9148, 9878.

011111118222.

0111111111 4691.

011111118128.

collinum 7580, 7760.

0111117184.

01111111119427.

cerberos 1648, 5548.

0111111111 9189, 9157, 9868

0111111114429.

offlfflwwmm'

Choloofoatraeo 1006.

0111ωροη61 9984.

0111111111 4869.

066186188272975.

01111111 1826.

011111 5491.

011111111508,1522,1585,1542,1562.

clo-soonam 8195.

01111111 2461, 7760.

0111111 4401, 4688-

01111111 1866, 1887.

0111111111 8856.

0161111101 8411.

0111111122, 46, 56, 78, 75, 185, 188,
269, 299, 450, 478, 597, 800, 842,
1656, 2594 eto.

lllllllslllollm

chryooftomuo 749, 9706.

, chrysos 81111111 6452, 6464, 6467,

6586, 6614.
0111111111 9152.
(1111111 4009, 7718.
fficio ἓξὲξ, 8870, 8584, 4200.
111 .
01111111 9158.
Claudiopolis 4666, 4687.
0111811111, 215.
01111111 145.
0091081116 1319·
01111118807.
0111111680. ’

’ 0111111 6068. 6542, 6562, 9680.

8311118181..

0111111111111111 761, 775, 918, 1788,
iffi: {a} 2586,2965,8461,8497,

comm„ chlom 26⁷, ²68, ²7⁷, 28⁰2·

-26811 constantini ll. 401. 111111

011182161611110. 1889, 18581861,

ἶ 66161818966178.

-Ῑξῖο 1191ὂγῶ11111720, 1750, 1768,

- 1111118277, 8285.

-· 11111111 fil. 2688, 2705, 2709,2747.

·-· 11111111, pulmon 9848, 9969.

*mmmmmazmlov

 

