rnnn'x' fflsronrcns.

*a*-

r.‘'

Α11111225,1246,1323,1461,2899.1111011111115111116356
1511112899. 111111 duo 6041.

Aeacius 946, 9639, 9735, 9744. 1111111 111111 1111171161716716,
1111117671, 9392, 9411. 6876. .

Achilles 4064, 7922. Al 0111117111. 4846, 4930, 6014,
1111111111 8030 8968 5054, 5068, 5226.

1111117669, 8091, 8603, 9149. 11. 6111111123ὃο

1111161119169, 9368. ALPnlneologus 6609.
11...1771,1965,1117.11 81161111111111111111006410081,
16116691. · 31111111111118676 9358, 9440.
Aemilianus 203, 207. 11. Τ11111111111 7522.
1111118230. ’ 11111611, Chaldaeae 11111114872
Aeschylus 6641 Alyrus 9592

1111111611 1416. - 7111101111111117900.
1111111970 . 1111611700.

1111617557, 7636, 8600. 1111119783.

Africa 405, 9381342, 1611, 2989,’ Amastris 7635.

3027. Ambrosius 636 ·
111111119776, 10128. Amorion 11 Phr 1112187, 2398.
Agar 1414, 3146, 3154, 4667, 5971, Amphipolrs 5692

&5976 69131111111111111113410
111111110691407 1450,1587,2225, 11111115399, 10257

,1111 2961, ’nni nni 111111... 1111, 1111, 1111, 1115,
1131111 AAA, A

1 111
Alamanni 4100, 4226, 5956, 5974, 1111118111119723.

6401, 6655, 6740. Ἀναζαρβέων τεῖχος 2770, 3906. ἵ
1111111111 5940, 6405. Anchialus 6071, 6156, 6166, 10184.
1111161111 1070. Ancyra 11 (1111111487.

Alam 5721 Andrag atinus 594 616.

Albnni 7674, 7682. · Andreas 111111611794. 1111111111
11511119149. 9565.

Albinus 1173 11811111111111114915 4925. 01.
11116118092. 1111114188, 4228, 4858, 4870,
1111111111,1111111111111. 165, 11. 2677. 4881, 4895, 4924, 4940, 4948, 4969,
11111181111111111111 9611, 9619. 4971, 4983' 4997: ’5012 5032, '5033’
Alexandnnn 762 766. 5044, 5055, 5109, 5141. con-
1111111 11111111 6270, 6271, 6867, 11111111111 4280, 4308, 6443.

7311177611.11115155.11111111111111311
11111118111115816, 6849, 5864. 8111111111 1111119061. 1411111111
11. 011111113446, 3450, 3457, 3468, 7985, 7994. Palaeolngnn 7426,

5177, 5710, 6644. 7840, 8149, 8260. Andr. 81161111
11. 0111111111111116286. episc. 0472. ’

 

